id: 0802708027
12
12
12
12
12

0
05.01.2022: 0
07.01.2022

1
1
1+
1
1
1
1

05.01.2022
120
12:00
0
0201201000
1002210112
0100111000
0200120120
0222022022
1002122001
0201002121
1110011201
2220120220
1200101222

130
14:00
0
0201201000
1002210112
0100111000
0200120120
0222022022
1002122001
0201002121
1110011201
2220120220
1200101222

150
16:00
0
0201201000
1002210112
0100111000
0200120120
0222022022
1002122001
0201002121
1110011201
2220120220
1200101222

06.01.2022
120
12:00
0
0201201000
1002210112
0100111000
0200120120
0222022022
1002122001
0201002121
1110011201
2220120220
1200101222

130
14:00
0
0201201000
1002210112
0100111000
0200120120
0222022022
1002122001
0201002121
1110011201
2220120220
1200101222

150
16:00
0
0201201000
1002210112
0100111000
0200120120
0222022022
1002122001
0201002121
1110011201
2220120220
1200101222

07.01.2022
120
12:00
0
0201201000
1002210112
0100111000
0200120120
0222022022
1002122001
0201002121
1110011201
2220120220
1200101222

130
14:00
0
0201201000
1002210112
0100111000
0200120120
0222022022
1002122001
0201002121
1110011201
2220120220
1200101222

150
16:00
0
0122220112
0222102022
1212021201
1121201000
2002221011
0121002110
1120110111
1202100111
0212200102
2220222002

1
1
1+
1
1
12
2

05.01.2022
120
12:00
0
0202021120
1110200221
1212011000
2111011202
2211021020
2102100111
0110210100
1021211022
0112112112
0100100200

130
13:00
0
0121100122
1010012201
2110000211
0102122022
0112100012
2021010100
2202020220
0212200000
1102022010
0200210210

140
14:00
0
0202101201
0211201210
0210211012
1200110200
2121001201
2111221212
0121122200
0010221211
2111011011
2121112221

06.01.2022
120
12:00
0
1100000020
2100110212
0111212012
2220020110
1002000122
2200102002
2202002210
1002112221
0120121112
0112200021

130
13:00
0
1021022101
1022201122
2220101010
0221011221
2112102011
2021122010
1021112010
1220201220
1212011111
2222022001

140
14:00
0
1122121120
0221110102
2120112021
1112102101
1222011000
1102202100
0210212020
0021220100
2220001002
0210012011

07.01.2022
120
12:00
0
1010022202
2112002110
1201022121
2001110212
0110220201
2200110222
1102221210
2012212121
1202210111
2211102201

130
13:00
0
2012021001
1012211110
1121212022
0002200222
1210121110
1021021210
0120001222
2101200101
2021200111
0001002010

140
14:00
0
2012112000
0210100120
2222212100
1222011012
0121000102
1100201020
2012201012
1002211012
0000022000
2012121020

12
12
12+
1
12
12
4

05.01.2022
120
12:00
0
1020020200
1112110201
0111120022
0001001222
1212012212
1101201120
0122000212
1012010020
0200011100
0001200001

140
13:00
0
1121212022
0002121112
2010002022
2022111011
0120011101
0212112112
2211100222
1000101201
1220121101
1002120001

150
14:00
0
1121212022
0002121112
2010002022
2022111011
0120011101
0212112112
2211100222
1000101201
1220121101
1002120001

06.01.2022
120
12:00
0
2020211101
2200210122
2120010020
0220102121
1220112122
0010020200
1000210011
0100122210
2202210220
0022012211

140
13:00
0
2020211101
2200210122
2120010020
0220102121
1220112122
0010020200
1000210011
0100122210
2202210220
0022012211

150
14:00
0
2220012122
1122112122
0021220021
1112210101
0010011011
0121202020
1222122001
2020111000
1021020200
1020210021

07.01.2022
120
12:00
0
2220012122
1122112122
0021220021
1112210101
0010011011
0121202020
1222122001
2020111000
1021020200
1020210021

140
13:00
0
2011110101
0011021100
1102200101
2102201212
2120222210
0212010002
2110222021
1211202211
2000012102
0021002021

150
14:00
0
2011110101
0011021100
1102200101
2102201212
2120222210
0212010002
2110222021
1211202211
2000012102
0021002021

12
12
12+
12
12
12
5

05.01.2022
120
12:00
0
1112112102
1021022101
1210121100
1112022212
0012000002
1012110112
2202101221
2000220122
0102120102
0120102011

130
14:00
0
1000210200
0222201121
1011102001
2010100122
2120212021
1100022201
1020211201
0021111101
2210100121
1221002002

140
15:00
0
1000210200
0222201121
1011102001
2010100122
2120212021
1100022201
1020211201
0021111101
2210100121
1221002002

06.01.2022
120
12:00
0
2002002001
2121020002
0112012102
0201120002
1220110210
1222200010
2212110111
0121100012
0222020021
0222222112

130
14:00
0
2002002001
2121020002
0112012102
0201120002
1220110210
1222200010
2212110111
0121100012
0222020021
0222222112

140
15:00
0
2022110210
1010012012
0010022102
1222201212
0000222101
0012111002
1001200101
2012221002
1210102100
1212012121

07.01.2022
120
12:00
0
2022110210
1010012012
0010022102
1222201212
0000222101
0012111002
1001200101
2012221002
1210102100
1212012121

130
14:00
0
2220212002
0212220012
1110210200
2222222020
1211220120
0101021122
0120110110
2202212010
2002102121
0000101121

140
15:00
0
2220212002
0212220012
1110210200
2222222020
1211220120
0101021122
0120110110
2202212010
2002102121
0000101121
