id: 16799
12
12
12
12
12

0
05.01.2022: 0
07.01.2022

0
0
0+
1
1
1
2

05.01.2022
120
12:00
0
0201100220
2011100200
2202220110
0202002221
0010011012
0221102221
1101022202
2111210201
1010212111
1000122122

130
13:00
0
2122221211
1121111101
0222211001
2000111022
0000111002
2011210221
2101012121
0011010221
2112110201
2200022112

140
14:00
0
1100002120
1101211112
2202110012
1121210110
2001020120
0200100201
0112200211
0202102201
2021101112
0201112000

06.01.2022
120
12:00
0
2101202221
1202120110
1101021222
2012121101
0000101102
1120020200
2022100220
1102211001
0100120011
0212100212

130
13:00
0
2002110001
2021210012
2102111111
2120022202
2010212122
0012111122
1122212001
0211222122
2200012200
1021011212

140
14:00
0
1100222212
0020112020
0201012202
0112120122
2001100202
1212011220
2201102200
2200011121
0222110112
1221000201

07.01.2022
120
12:00
0
0221122121
0001000100
2100220211
0100102122
2212012121
2120021111
0201121021
0120011122
2120111201
0222201221

130
13:00
0
2220110122
1222220202
2112002120
0001222221
1220011200
1210112121
0121220200
1220120111
0202101121
1110010001

140
14:00
0
0022222212
1120211022
0012011110
0121120111
2221010202
0101021002
2020000020
1221121012
0202021221
0012020221
