id: 78517
Тараканчик
Где-то на северном полюсе
Голиков Е.В.
23232415
2334623437
promka1 23
0
02.01.2022: 0

Джеки-Чан
30
6+
Жил был
Сдох
Издох
1

02.01.2022
150
11:15
0
2021101002
2100000100
0120101202
0012012021
0001221201
0200011121
2210222111
0220012120
0122222212
1012222011

150
16:20
0
2021101002
2100000100
0120101202
0012012021
0001221201
0200011121
2210222111
0220012120
0122222212
1012222011

250
20:15
0
2202220121
1002212111
1001021000
0210120201
2011100202
0011222110
0022112121
2121001001
1001012221
2100012011

03.01.2022
150
11:15
0
2202220121
1002212111
1001021000
0210120201
2011100202
0011222110
0022112121
2121001001
1001012221
2100012011

150
16:20
0
2202220121
1002212111
1001021000
0210120201
2011100202
0011222110
0022112121
2121001001
1001012221
2100012011

250
20:15
0
2202220121
1002212111
1001021000
0210120201
2011100202
0011222110
0022112121
2121001001
1001012221
2100012011

04.01.2022
150
11:15
0
2202220121
1002212111
1001021000
0210120201
2011100202
0011222110
0022112121
2121001001
1001012221
2100012011

150
16:20
0
2202220121
1002212111
1001021000
0210120201
2011100202
0011222110
0022112121
2121001001
1001012221
2100012011

250
20:15
0
2202220121
1002212111
1001021000
0210120201
2011100202
0011222110
0022112121
2121001001
1001012221
2100012011

Drop
20
12+
14
453245
23344
2

03.01.2022
130
08:00
0
2202220121
1002212111
1001021000
0210120201
2011100202
0011222110
0022112121
2121001001
1001012221
2100012011

150
12:20
0
2202220121
1002212111
1001021000
0210120201
2011100202
0011222110
0022112121
2121001001
1001012221
2100012011

170
19:00
0
2202220121
1002212111
1001021000
0210120201
2011100202
0011222110
0022112121
2121001001
1001012221
2100012011

04.01.2022
130
08:00
0
2121221202
0220100021
2101001210
1201111012
1222202111
0102101221
2111211111
1011022011
2010021012
0110201120

150
12:20
0
2121221202
0220100021
2101001210
1201111012
1222202111
0102101221
2111211111
1011022011
2010021012
0110201120

170
19:00
0
2121221202
0220100021
2101001210
1201111012
1222202111
0102101221
2111211111
1011022011
2010021012
0110201120

05.01.2022
130
08:00
0
2121221202
0220100021
2101001210
1201111012
1222202111
0102101221
2111211111
1011022011
2010021012
0110201120

150
12:20
0
2121221202
0220100021
2101001210
1201111012
1222202111
0102101221
2111211111
1011022011
2010021012
0110201120

170
19:00
0
2121221202
0220100021
2101001210
1201111012
1222202111
0102101221
2111211111
1011022011
2010021012
0110201120

12
12
12+
12
12
12
3


120
08:00
0
2121221202
0220100021
2101001210
1201111012
1222202111
0102101221
2111211111
1011022011
2010021012
0110201120

130
13:00
0
2121221202
0220100021
2101001210
1201111012
1222202111
0102101221
2111211111
1011022011
2010021012
0110201120

140
18:00
0
2121221202
0220100021
2101001210
1201111012
1222202111
0102101221
2111211111
1011022011
2010021012
0110201120


120
08:00
0
2121221202
0220100021
2101001210
1201111012
1222202111
0102101221
2111211111
1011022011
2010021012
0110201120

130
13:00
0
0221120201
2110212021
0212212011
2102202022
2102210000
0000012001
1000022220
1201011020
0001211210
1101121100

140
18:00
0
0221120201
2110212021
0212212011
2102202022
2102210000
0000012001
1000022220
1201011020
0001211210
1101121100


120
08:00
0
0221120201
2110212021
0212212011
2102202022
2102210000
0000012001
1000022220
1201011020
0001211210
1101121100

130
13:00
0
0221120201
2110212021
0212212011
2102202022
2102210000
0000012001
1000022220
1201011020
0001211210
1101121100

140
18:00
0
0221120201
2110212021
0212212011
2102202022
2102210000
0000012001
1000022220
1201011020
0001211210
1101121100

0
0
0+
0
0
0
4


120
08:00
0
0221120201
2110212021
0212212011
2102202022
2102210000
0000012001
1000022220
1201011020
0001211210
1101121100

100
10:00
0
0221120201
2110212021
0212212011
2102202022
2102210000
0000012001
1000022220
1201011020
0001211210
1101121100

140
12:00
0
0221120201
2110212021
0212212011
2102202022
2102210000
0000012001
1000022220
1201011020
0001211210
1101121100


120
08:00
0
0221120201
2110212021
0212212011
2102202022
2102210000
0000012001
1000022220
1201011020
0001211210
1101121100

100
10:00
0
0221120201
2110212021
0212212011
2102202022
2102210000
0000012001
1000022220
1201011020
0001211210
1101121100

140
12:00
0
0112111000
1011201100
0110202010
0100210102
1120112021
0111220020
2121201010
0102002211
1120220221
0202221000


120
08:00
0
0112111000
1011201100
0110202010
0100210102
1120112021
0111220020
2121201010
0102002211
1120220221
0202221000

100
10:00
0
0112111000
1011201100
0110202010
0100210102
1120112021
0111220020
2121201010
0102002211
1120220221
0202221000

140
12:00
0
0112111000
1011201100
0110202010
0100210102
1120112021
0111220020
2121201010
0102002211
1120220221
0202221000
