17409
Писюн
Попова-Гераскино
Голиков Е.В.
ИНН для чека
РНМ для чека
Promo1 12, Promo2 25, Promo3 5
15000
3000

Принцесса на асфальте
5
6+
Где же самый лучший асфальт?
Принцесса
Макар Раймих
7

250
12:40
0
2200012222
1020212122
0102121210
1202121200
1001201100
0022120111
0120111111
0221222100
1002000022
2121021111

120
17:20
0
2200012222
1020212122
0102121210
1202121200
1001201100
0022120111
0120111111
0221222100
1002000022
2121021111

300
19:30
0
2200012222
1020212122
0102121210
1202121200
1001201100
0022120111
0120111111
0221222100
1002000022
2121021111

250
12:40
0
2200012222
1020212122
0102121210
1202121200
1001201100
0022120111
0120111111
0221222100
1002000022
2121021111

1
17:20
0
2200012222
1020212122
0102121210
1202121200
1001201100
0022120111
0120111111
0221222100
1002000022
2121021111

300
19:30
0
2200012222
1020212122
0102121210
1202121200
1001201100
0022120111
0120111111
0221222100
1002000022
2121021111

250
20:15
0
2200012222
1020212122
0102121210
1202121200
1001201100
0022120111
0120111111
0221222100
1002000022
2121021111

1
11:12
0
2200012222
1020212122
0102121210
1202121200
1001201100
0022120111
0120111111
0221222100
1002000022
2121021111

1
12:20
0
2220201220
0222121102
0012020211
2220202010
0111100022
0100001222
1012220122
2112110201
0010220202
1121111112
